                                                                  
 11111111        11111111111111111111     111111111111       1  1 
 12222221         122222222221 1 11  11   1222222222221        1  
 12222221        1 1122222211  11221111    122222222221      11   
 12222221        1 1 122211 11112221       1222222222221     1    
 12222221         11 1111 11    121 1 1    12222222222221   1     
 12222221         1  1  11 1     1   1     12222222222221  1      
 12222221           11 1  121111    1111   122222222222221        
 12212221           1211 1222222111        122222222222221        
 121 1221            1  112222222221       122222222222221        
 11  1221                 11222222221      12221222222221         
 11  1221                 1 12222222211    1221 12222221          
 1   1221                 1 122222222221   1221  122221         1 
     1221               1121222222222221   1221   12221        11 
     1221               12222222222222221  1221   1221        121 
     1221        1     1121222222222222221 1221    11        1221 
     1221        1    11 1 1222222222222221 121  11221       1221 
     1221        1    1   12222222222222221 121 122221      12221 
     1221        1       12222222222222222212221222221     122221 
     1221       11      12222222222222222222222222221      122221 
     1221       11   1 112222222222222222222222222211     1222221 
     1221       121   11 12222222222222222222222221 1     1222221 
     1221       1221  1 122212122112112222222222211      12222221 
     1221       12221  1 121 1 11  1  12222222211  1     12222221 
     1221       1221  111 1          1222222211   1     122222221 
     1221        121 1  111         122222211  111      122222221 
     1221        1211   1           1222221   121      1222222221 
     1221         1  1  1          122222221   1       1222222221 
     1221         1   1      1    1222222221  1       1 122222221 
     1221         1              12222222221          11222222221 
     1221         1  1          122222222221          12222222221 
     1221          1           12221122222221  1     122222222221 
     1221        1 1          12211  1222221   1     122222222221 
     1221       121           121     12211    1     122222222221 
     1221      121 1        1121   1  121  1   1    1222222222221 
     1221      11           121 1  111 11  1   1    1222222222221 
     1221    11  1    1     11 121  11 1211    1    1222222222221 
     1221     1      11    11  122112212221    1   12222222222221 
     1221   1              1   1222222122221   1   12222222222221 
     1221   1    1     1  11  12222221 12221    1  12222222222221 
     1221   1             1    1222221 12221    1 122222222222221 
     1221      1 1      11     122221 1 121     1 122222222222221 
     1221               1      12222211 121     1 122222222222221 
     1221         1   1 1     1222222221221     1 122222222222221 
     1221         1  11       112221111211      11222222222222221 
     1221  1      1 11          121    1 1      12222222212222221 
     1221       1  1  1         1221  121       122222221 1222221 
     1221            1           12211221       122222221 1222221 
     1221        1                122221        122222221 1222221 
     1221                          12221        111111221 122221  
     12221      1   11          111222221       1     11 122221   
 1    121 1     1    1            122222211     1111     12221    
 11   1221          1             12222222211   122211   1221     
  11  1221          1             12222222221   122221  1221      
   1  121            1 1        11222222222221  122221  1221      
   1  1221    1        1        122222222222221 12221 11221       
   1  121           111         122222222222221 122221 1221       
   1  1221                   1  122222222222221 122221 1221       
   11 1221            11        122222222222221  111221221        
   11 121          1           12222222222222221    112221        
   11 121                      12222222222222221      121         
   11 121            1        122222222222222221      111         
   11 121                     1222222222222222221     1           
   11 121                    1 122222222222222221                 
   11 111        1            1111111111111111111                 
                                                                  
