11111111        12111111111122222221     111111111111       2  2
12222221         112222222211 2 11  11   1122222222211        2 
12222221        1 2112222112  21112221    122222222221      21  
12222221        1 2 122112 22221211       1222222222211     1   
12222221         22 2112 22    121 2 2    12222222222211   2    
12222221         1  2  21 2     1   1     12222222222221  2     
12222221           12 1  121111    1221   122222222222211       
12111221           1222 1122221111        122222222222221       
111 1221            1  121222222211       122222222222211       
11  1221                 21122222211      12211122222211        
21  1221                 2 12222222111    1221 11222211         
1   1221                 2 122222222211   1221  112221         1
    1221               1121122222222221   1221   12211        12
    1221               12222222222222211  1221   1111        111
    1221        1     2221122222222222211 1121    11        1121
    1221        2    22 1 1222222222222211 121  11111       1221
    1221        2    1   11222222222222221 121 112221      11221
    1221        2       11222222222222222111211122211     112221
    1221       12      11222222222222222222222222221      122221
    1221       11   2 221222222222222222222222222112     1122221
    1221       111   22 12222222222222222222222221 1     1222221
    1221       1211  1 122112111112111222222222111      11222221
    1221       12221  1 121 1 11  1  12222222111  2     12222221
    1221       1121  122 2          1122222111   2     112222221
    1221        121 2  222         112222111  121      122222221
    1221        1221   2           1222221   121      1122222221
    1221         2  2  1          112222211   1       1122222221
    1221         2   2      2    1122222221  2       1 122222221
    1221         2              11222222221          21122222221
    1221         1  2          112222222221          12222222221
    1221          1           11211112222221  1     112222222221
    1221        1 1          11111  1122211   2     122222222221
    1221       121           111     12111    2     122222222221
    1221      121 2        1121   1  111  1   2    1122222222221
    1221      11           111 1  221 11  1   2    1222222222221
    1221    12  2    1     21 121  11 1111    2    1222222222221
    1221     1      12    22  121111111221    2   11222222222221
    1221   1              2   1222221112211   1   12222222222221
    1221   2    2     2  22  12222221 12221    1  12222222222221
    1221   1             1    1222211 11211    2 112222222222221
    1221      2 2      21     122221 1 121     2 122222222222221
    1221               2      12222112 121     2 122222222222221
    1221         1   1 1     1122222211111     2 122222222222221
    1221         2  22       111211111212      21122222222222221
    1221  2      1 12          121    2 1      12222222111222221
    1221       2  2  2         1111  121       122222221 1222221
    1221            2           11111111       122222221 1222221
    1221        2                112221        122222221 1222211
    1221                          12221        211111111 122211 
    11221      1   12          122122211       2     11 112211  
1    121 2     1    1            122222111     2111     12211   
22   1211          1             12222222111   122111   1211    
 22  1211          1             12222222221   122221  1121     
  2  121            2 1        11122222222211  122211  1211     
  2  1221    2        1        122222222222211 12221 12121      
  2  121           121         122222222222221 122211 1221      
  2  1211                   2  122222222222221 112221 1211      
  21 1211            11        122222222222221  111111121       
  11 121          2           11222222222222211    111211       
  11 121                      12222222222222221      121        
  11 121            2        112222222222222221      211        
  11 121                     1122222222222222211     1          
  11 121                    2 122222222222222221                
  11 111        2            1211111111111111111                
