                                                                
 255255255255255255255255        255255255255255255255255255255255255255255255255255255255255     255255255255255255255255255255255255       255  
 255255255255255255255255         255255255255255255255255255255255255 255 255255  255255   255255255255255255255255255255255255255        255
 255255255255255255255255        255 255255255255255255255255255255  255255255255255255255255    255255255255255255255255255255255255      255255 
 255255255255255255255255        255 255 255255255255255255 255255255255255255255255       255255255255255255255255255255255255255     255  
 255255255255255255255255         255255 255255255255 255255    255255255 255 255    255255255255255255255255255255255255255255   255   
 255255255255255255255255         255  255  255255 255     255   255     255255255255255255255255255255255255255255  255    
 255255255255255255255255           255255 255  255255255255255255    255255255255   255255255255255255255255255255255255255255255      
 255255255255255255255255           255255255255 255255255255255255255255255255        255255255255255255255255255255255255255255255      
 255255255 255255255255            255  255255255255255255255255255255255255       255255255255255255255255255255255255255255255      
 255255  255255255255                 255255255255255255255255255255255      255255255255255255255255255255255255255255       
 255255  255255255255                 255 255255255255255255255255255255255    255255255255 255255255255255255255255        
 255   255255255255                 255 255255255255255255255255255255255255   255255255255  255255255255255255         
     255255255255               255255255255255255255255255255255255255255255255   255255255255   255255255255255        255
     255255255255               255255255255255255255255255255255255255255255255255  255255255255   255255255255        255255
     255255255255        255     255255255255255255255255255255255255255255255255255255255 255255255255    255255        255255255
     255255255255        255    255255 255 255255255255255255255255255255255255255255255255 255255255  255255255255255       255255255
     255255255255        255    255   255255255255255255255255255255255255255255255255255 255255255 255255255255255255      255255255255
     255255255255        255       255255255255255255255255255255255255255255255255255255255255255255255255255255255255255     255255255255255
     255255255255       255255      255255255255255255255255255255255255255255255255255255255255255255255255255255255255255      255255255255255
     255255255255       255255   255 255255255255255255255255255255255255255255255255255255255255255255255255255255255255255255     255255255255255255
     255255255255       255255255   255255 255255255255255255255255255255255255255255255255255255255255255255255255255255 255     255255255255255255
     255255255255       255255255255  255 255255255255255255255255255255255255255255255255255255255255255255255255255255255      255255255255255255255
     255255255255       255255255255255  255 255255255 255 255255  255  255255255255255255255255255255255  255     255255255255255255255
     255255255255       255255255255  255255255 255          255255255255255255255255255255   255     255255255255255255255255
     255255255255        255255255 255  255255255         255255255255255255255255255  255255255      255255255255255255255255
     255255255255        255255255255   255           255255255255255255255   255255255      255255255255255255255255255
     255255255255         255  255  255          255255255255255255255255255   255       255255255255255255255255255
     255255255255         255   255      255    255255255255255255255255255255  255       255 255255255255255255255255
     255255255255         255              255255255255255255255255255255255          255255255255255255255255255255
     255255255255         255  255          255255255255255255255255255255255255          255255255255255255255255255255
     255255255255          255           255255255255255255255255255255255255255255  255     255255255255255255255255255255255
     255255255255        255 255          255255255255255  255255255255255255255   255     255255255255255255255255255255255
     255255255255       255255255           255255255     255255255255255    255     255255255255255255255255255255255
     255255255255      255255255 255        255255255255   255  255255255  255   255    255255255255255255255255255255255255
     255255255255      255255           255255255 255  255255255 255255  255   255    255255255255255255255255255255255255
     255255255255    255255  255    255     255255 255255255  255255 255255255255    255    255255255255255255255255255255255255
     255255255255     255      255255    255255  255255255255255255255255255255255255    255   255255255255255255255255255255255255255
     255255255255   255              255   255255255255255255255255255255255255255   255   255255255255255255255255255255255255255
     255255255255   255    255     255  255255  255255255255255255255255 255255255255255    255  255255255255255255255255255255255255255
     255255255255   255             255    255255255255255255255 255255255255255    255 255255255255255255255255255255255255255255
     255255255255      255 255      255255     255255255255255255 255 255255255     255 255255255255255255255255255255255255255255
     255255255255               255      255255255255255255255255 255255255     255 255255255255255255255255255255255255255255
     255255255255         255   255 255     255255255255255255255255255255255255255     255 255255255255255255255255255255255255255255
     255255255255         255  255255       255255255255255255255255255255255255      255255255255255255255255255255255255255255255255
     255255255255  255      255 255255          255255255    255 255      255255255255255255255255255255255255255255255255
     255255255255       255  255  255         255255255255  255255255       255255255255255255255255255 255255255255255255
     255255255255            255           255255255255255255255255       255255255255255255255255255 255255255255255255
     255255255255        255                255255255255255255        255255255255255255255255255 255255255255255255
     255255255255                          255255255255255        255255255255255255255255255 255255255255255255
     255255255255255      255   255255          255255255255255255255255255       255     255255 255255255255255255 
 255    255255255 255     255    255            255255255255255255255255255     255255255255     255255255255255  
 255255   255255255255          255             255255255255255255255255255255255   255255255255255255   255255255255   
  255255  255255255255          255             255255255255255255255255255255255   255255255255255255  255255255255    
   255  255255255            255 255        255255255255255255255255255255255255255255  255255255255255255  255255255255    
   255  255255255255    255        255        255255255255255255255255255255255255255255255 255255255255255 255255255255255     
   255  255255255           255255255         255255255255255255255255255255255255255255255 255255255255255255 255255255255     
   255  255255255255                   255  255255255255255255255255255255255255255255255 255255255255255255 255255255255     
   255255 255255255255            255255        255255255255255255255255255255255255255255255  255255255255255255255255255      
   255255 255255255          255           255255255255255255255255255255255255255255255255255    255255255255255255      
   255255 255255255                      255255255255255255255255255255255255255255255255255      255255255       
   255255 255255255            255        255255255255255255255255255255255255255255255255255255      255255255       
   255255 255255255                     255255255255255255255255255255255255255255255255255255255     255         
   255255 255255255                    255 255255255255255255255255255255255255255255255255255255               
