21111112        22111111111122222222     211111111111       2  2
12222221         122222222221 2 11  22   1222222222221        2 
12222221        2 1122222211  21221222    122222222221      22  
12222221        2 2 122211 22212221       1222222222221     2   
12222221         22 2111 22    121 2 2    12222222222221   2    
12222221         2  2  22 1     1   2     12222222222221  2     
12222221           21 2  121111    2222   122222222222221       
12212221           1212 1222222111        122222222222221       
121 1221            1  212222222221       122222222222221       
21  1221                 11222222221      12221222222221        
22  1221                 2 12222222211    1221 12222221         
2   1221                 1 122222222221   1221  122221         2
    1221               2121222222222221   1221   12221        12
    1221               12222222222222221  1221   1221        121
    1221        2     2121222222222222221 1221    11        1221
    1221        2    22 1 1222222222222221 121  11221       1221
    1221        2    2   12222222222222221 121 122221      12221
    1221        2       12222222222222222212221222221     122221
    1221       22      12222222222222222222222222221      122221
    1221       21   2 212222222222222222222222222212     1222221
    1221       121   22 12222222222222222222222221 2     1222221
    1221       1221  2 122212122112112222222222212      12222221
    1221       12221  2 121 1 11  1  12222222211  2     12222221
    1221       1221  222 1          1222222211   2     122222221
    1221        121 2  222         122222211  122      122222221
    1221        1212   2           1222221   121      1222222221
    1221         1  2  2          122222221   1       1222222221
    1221         2   2      2    1222222221  2       2 122222221
    1221         2              12222222221          21222222221
    1221         2  2          122222222221          12222222221
    1221          2           12221122222221  2     122222222221
    1221        1 2          12211  1222221   2     122222222221
    1221       121           121     12211    2     122222222221
    1221      121 2        2121   2  121  2   2    1222222222221
    1221      21           121 1  222 11  2   2    1222222222221
    1221    22  2    2     21 121  11 1212    2    1222222222221
    1221     2      22    22  122112212221    2   12222222222221
    1221   2              2   1222222122221   2   12222222222221
    1221   2    2     2  22  12222221 12221    2  12222222222221
    1221   2             2    1222221 12221    2 122222222222221
    1221      2 2      22     122221 2 121     2 122222222222221
    1221               2      12222211 121     2 122222222222221
    1221         2   2 2     1222222221221     2 122222222222221
    1221         2  22       212221111211      21222222222222221
    1221  2      2 22          121    1 2      12222222212222221
    1221       2  2  2         1221  121       122222221 1222221
    1221            2           12211221       122222221 1222221
    1221        2                122221        122222221 1222221
    1221                          12221        211111221 122221 
    12221      2   22          221222221       2     11 122221  
2    121 2     2    2            122222211     2111     12221   
22   1221          2             12222222212   122212   1221    
 22  1221          2             12222222221   122221  1221     
  2  121            2 2        21222222222221  122221  1221     
  2  1221    2        2        122222222222221 12221 21221      
  2  121           222         122222222222221 122221 1221      
  2  1221                   2  122222222222221 122221 1221      
  22 1221            22        122222222222221  111221221       
  22 121          2           12222222222222221    112221       
  22 121                      12222222222222221      121        
  22 121            2        122222222222222221      212        
  22 121                     1222222222222222221     2          
  22 121                    2 122222222222222221                
  22 212        2            2211111111111111112                
