111111116666666612111111111122322221666661111111111116666666 66 
15555551666666666115555555511626116611666115555555551166666666 6
1555555166666666162115555112662111222166661555555555516666662166
1555555166666666162615511262222151166666661555555555511666661666
15555551666666666226211262266661216 6 666615555555555511666 6666
1555555166666666616626621626666616661666661555555555555166 66666
1555555166666666666126166121111666613216661555555555555116666666
1511155166666666666132261155551111666666661555555555555516666666
1116155166666666666616612155555551166666661555555555555116666666
1166155166666666666666666211555555116666661551115555551166666666
2166155166666666666666666261555555511166661551611555511666666666
1666155166666666666666666261555555555116661551661155516666666661
6666155166666666666666611211555555555516661551666155116666666612
6666155166666666666666615555555555555511661551666111166666666111
6666155166666666166666222115555555555551161151666611666666661151
6666155166666666266662261615555555555555116151661111166666661551
6666155166666666266661666115555555555555516151611555166666611551
6666155166666666266666661155555555555555511151115551166666115551
6666155166666661266666611555555555555555555555555551666666155551
66661551666666611666 6221555555555555555555555555112666661155551
6666155166666661116662261555555555555555555555555161666661555551
6666155166666661511661612511211111211155555555511166666611555551
66661551666666615521661612161611661661555555511166 6666615555551
6666155166666661151661326266666666661155555111666 66666115555551
66661551666666661516 6632266666666611555511166121666666155555551
6666155166666666122166626666666666615555516661316666661155555551
66661551666666666266 6616666666666115555511666166666661155555551
666615516666666662666 666666 6666115555555166 666666616155555551
6666155166666666626666666666666611555555551666666666621155555551
66661551666666666166 6666666666115555555551666666666615555555551
6666155166666666661666666666661151111555552166166666115555555551
6666155166666666161666666666611111661155511666266666155555555551
6666155166666661316666666666611166666151116666266666155555555551
666615516666661216 666666661121666166111661666266661155555555551
6666155166666611666666666661116166221611661666266661555555555551
6666155166661266 66661666662161216611611116666266661555555555551
6666155166666166666612666622661511111115516666266611555555555551
6666155166616666666666666626661555551115511666166615555555555551
6666155166626666 66666 66226612555551615551666616615555555555551
6666155166616666666666666166661555511611511666626115555555555551
66661551666666 6 66666621666661555516161516666626155555555555551
6666155166666666666666626666661555511261516666626155555555555551
6666155166666666616661616666611555555111116666626155555555555551
6666155166666666626622666666611151111121266666621155555555555551
6666155166 66666616126666666666151666626166666615555555111555551
666615516666666 66 66 666666666111166121666666615555555161555551
66661551666666666666 6666666666611111111666666615555555161555551
6666155166666666 66666666666666661155516666666615555555161555511
6666155166666666666666666666666666155516666666621111111161555116
6666115216666661666126666666666122155511666666626666611611551166
166661516 666661666616666666666661555551116666621116666615511666
2266615116666666666166666666666661555555511166615511166615116666
6226615116666666666166666666666661555555555166615555166115166666
66266151666666666666 6166666666111555555555116615551166151166666
6626615216666 66666666166666666155555555555511615551612151666666
6626615166666666666121666666666155555555555551615551161551666666
6626615116666666666666666666 66155555555555551611555161511666666
6621615116666666666661166666666155555555555551661111111516666666
661161516666666666 666666666661155555555555551166661115116666666
6611615166666666666666666666661555555555555555166666615166666666
66116151666666666666 6666666611555555555555555166666621166666666
6611615166666666666666666666611555555555555555116666616666666666
6611615166666666666666666666 61555555555555555516666666666666666
6611611166666666 66666666666612111111111111111116666666666666666
